CO2_ppm	PM2.5_ugm3	Temperature_C	Humidity_%
602	53	21	30.4
935	43	22.9	34.1
1360	19	27.1	56.5
770	45	20.7	30.2
606	23	18.9	36.4
571	40	21.5	51.9
1200	57	19.9	57.7
520	24	29.2	56.1
1114	17	27.7	39
621	23	25.6	58.5
966	32	28.5	39.5
714	69	27.6	43
830	66	20.2	59.9
958	49	28.7	56
587	30	24.5	64
872	25	27.7	56.3
599	54	28.8	52.7
1371	27	21.8	33.7
1163	56	19.3	44.7
630	62	20.7	40.6
1161	33	23.1	39.8
808	35	27.8	68.9
1269	34	28.3	45.7
843	69	18.1	65.7
991	69	24.1	55.2
913	69	23	61.8
1305	54	20.7	50.1
885	50	19.4	53.1
691	38	22.1	49.7
1455	24	29.3	37.8
776	54	21.9	58.9
660	10	24.2	41.2
959	34	26.4	31
813	16	22.4	55.8
521	18	29.7	37.1
752	33	29.5	67.6
1247	10	21	68.2
1356	53	24	66.6
1060	17	21.6	44.8
974	33	21.4	30.6
558	20	18.4	67.1
1010	60	25.3	47.1
1181	26	24	68.7
975	17	18.6	68.5
1199	44	21.3	64.1
1475	44	28.9	41.8
1282	42	20.9	45.4
689	68	19.7	64
1457	14	23.9	42.7
1186	51	29.8	36.8
1457	48	20.9	52.3
1062	67	26.1	67.4
1375	50	27.1	57.8
1066	37	20.9	52.8
743	16	26.7	33.9
1331	18	22.4	54.6
1004	17	25.6	69.6
630	21	25.6	35.6
984	43	24.4	50.7
1318	42	19.1	65.1
1146	57	28	59.6
520	64	21.8	57.9
1340	32	20.2	58.1
666	33	18.5	44.4
773	46	25.1	41.7
887	44	26.1	62.4
1100	53	18.2	62.4
815	49	24.1	64.7
513	31	20.7	66.5
741	36	25.7	50.5
1276	44	20.1	50.1
845	10	26.3	61.9
1064	44	22.6	56
1397	46	29.2	58.1
839	56	19.7	61.8
591	23	22.1	65.6
866	12	19.4	43.5
1455	10	29.1	45
954	14	28.5	33.8
927	35	21.1	53.1
1008	64	25.9	31.4
1275	23	27.8	48.6
1442	48	24.7	51.7
534	36	24.4	41.5
705	18	20.9	53.6
580	24	19.1	31.2
1431	24	28.8	31.5
1061	35	28.8	62.9
1371	51	25.6	44.4
887	69	22.1	35.1
501	22	22.2	50.9
889	60	26.7	60.8
1065	41	28.8	38.6
605	48	28.6	54.9
1271	58	27.4	33.4
1321	61	25.7	32.1
976	41	19	51.3
1202	13	19.9	51.6
901	39	28.8	55.5
1229	46	25.3	59
